-63
-108
20
5
-6
-49
-68
-76
96
-104
-105
-73
-9
-1
138
-107
-19
94
-8
109
22
-117
-39
96
54
22
-41
-10
52
-68
-73
74
-71
63
56
15
-98
115
-57
73
-80
30
65
-22
-85
-97
-4
28
-80
-1
-69
74
22
112
66
-37
69
61
-13
16
-84
-33
5
-37
116
74
18
-8
46
-92
-3
-104
41
85
17
-87
-12
41
-12
135
82
114
-47
15
-49
6
14
99
84
65
-8
-50
140
132
-74
-96
-64
-42
-39
96
-88
77
75
119
150
8
-115
-62
16
54
-63
30
102
-40
112
-119
14
136
-29
139
-66
32
139
-19
-42
71
-38
-120
45
130
-111
-63
65
37
2
-91
3
-80
-77
128
-85
-56
-55
123
-36
15
150
96
-12
-18
39
84
71
104
144
111
-59
6
-5
-88
53
-110
-3
-8
-117
-84
-90
-3
-86
-104
49
-84
143
1
22
128
-11
-53
122
4
122
88
-23
-72
-71
100
61
96
90
119
-93
-70
-89
86
53
-65
7
-22
-23
109
-49
96
-27
22
116
7
-82
106
-70
-95
-113
-73
1
-35
88
128
126
-11
85
-90
-36
74
-119
79
15
112
26
96
129
-41
-23
31
-9
-91
-89
40
-91
-95
124
137
-40
-91
140
-79
-25
-85
-86
1
86
-59
6
-100
-79
94
147
41
13
-16
40
2
15
82
-53
33
114
41
-83
-116
114
-69
-83
-11
139
15
-53
58
-85
5
69
25
-40
104
34
150
-116
33
-67
-52
15
-61
-66
-41
19
24
-13
55
-16
15
138
130
8
-94
-73
96
21
-98
-119
50
-54
14
-38
106
98
-116
-63
-82
-44
-102
69
-45
100
-55
-99
37
66
-100
63
-13
7
-68
61
88
-41
1
-37
-30
91
-108
-29
50
90
7
16
-39
-65
75
-101
120
-7
-18
115
59
36
-4
-6
-108
-22
84
48
22
-85
22
59
140
84
49
-106
-61
13
-29
15
-101
-65
102
56
40
103
141
-61
77
-23
10
-98
103
-120
146
-20
66
100
-85
49
40
-57
33
139
38
89
47
86
31
-55
-22
95
74
-31
34
87
-120
35
26
-13
100
44
118
106
106
-11
141
122
-34
-77
25
143
51
-73
1
38
-5
-19
-45
-108
-97
5
123
-83
113
92
-21
76
133
84
4
-45
-118
-66
97
-8
-30
145
117
-95
7
-58
113
-52
117
42
106
138
98
108
-39
123
110
12
6
21
146
128
2
20
105
-81
26
1
19
51
43
-79
-50
-43
-2
76
-42
-11
-88
92
88
49
118
92
-89
-15
95
79
-110
74
124
-117
60
