56
44
-48
156
-59
-33
-23
-82
-106
-22
46
121
200
125
-105
169
100
-48
65
163
151
-40
41
48
199
-42
-73
86
188
-59
140
23
-108
120
196
-106
90
11
56
-129
-13
135
-147
67
-46
35
123
-109
86
115
-49
160
86
-124
33
-84
-40
-68
76
154
-60
107
188
-60
-132
-94
-139
-63
92
200
64
-109
67
173
-106
-77
8
166
-148
45
18
-81
117
57
-48
-122
177
-42
76
-19
129
56
-86
31
93
-122
-83
157
-73
161
59
-87
-101
-90
-77
1
-61
-60
59
-76
-44
137
13
105
-31
-19
-90
35
-55
197
-113
106
-3
-145
149
-126
22
-40
43
54
22
54
47
62
39
123
-103
-58
-131
40
54
77
-33
9
185
-35
184
9
-96
10
-39
195
-23
46
1
74
-109
74
65
-19
-115
107
1
200
14
94
123
-85
-19
70
-2
59
187
162
-69
-6
44
197
197
159
166
191
75
-51
44
22
-49
26
-148
191
31
1
-52
190
191
-63
177
-17
186
63
-32
59
26
186
54
-149
-93
106
122
-47
-150
117
8
194
-65
111
77
-45
-15
63
89
136
121
170
167
173
160
-3
-48
-140
-97
7
-112
147
-134
-121
63
3
39
135
170
151
144
1
-51
-99
52
54
-62
-15
85
18
-85
-84
78
49
64
137
-59
34
-22
-44
-10
87
143
45
-56
95
143
170
93
190
-64
-112
122
-28
85
117
-143
-92
18
102
-114
21
185
-148
141
198
122
-10
174
-144
148
13
61
-17
-66
-81
151
-126
53
-132
-126
25
111
-33
134
-1
-69
74
-121
63
-33
-54
-91
98
-63
-11
-9
186
36
-114
136
-49
136
-62
31
184
123
-109
197
-92
-86
-80
-74
129
-106
-134
112
181
44
-65
31
-32
164
161
162
-68
24
-123
25
170
73
-54
7
-59
-94
-75
104
179
116
-144
-32
42
199
-101
-30
140
77
158
-109
-68
-65
77
41
-21
10
151
-127
149
53
-140
3
-69
-83
-145
-4
134
1
-2
-87
102
68
-113
-130
31
-67
160
199
12
21
189
17
-133
42
-12
162
-34
130
-73
195
-141
-3
54
64
112
-34
-61
118
58
-123
-42
-27
181
-17
-67
140
-102
72
-148
139
-136
-47
-83
-58
172
3
-119
-20
-57
146
70
-74
-149
179
-132
107
52
78
-113
-66
151
-31
24
72
-83
94
163
-104
39
107
-69
-31
143
98
-44
-99
73
163
-47
-62
-82
93
-23
-62
-19
-65
183
114
194
108
128
-111
-30
-27
118
-34
65
52
118
137
-113
-27
-22
15
139
21
103
-54
-101
171
-135
-131
73
-119
11
-53
-125
189
-1
-56
-13
193
-20
-145
145
121
1
-50
36
-92
-69
26
49
-78
6
121
-17
-49
81
-122
-137
31
-32
-78
161
-110
44
-141
33
12
42
-25
125
-72
-113
-139
-136
-60
-42
-37
25
167
-19
-114
180
-150
72
-92
186
73
-109
39
104
66
135
42
136
180
-16
17
26
-91
-11
121
-26
-118
-133
-38
-14
16
167
-98
-12
7
168
169
-26
-42
76
190
77
117
-142
158
-16
-111
46
-88
-141
-6
103
76
68
14
110
-30
159
123
-96
-4
53
-44
-116
152
-7
82
100
23
154
-107
-140
-126
138
-108
174
-84
59
-52
66
189
186
150
146
-141
-140
-88
14
-39
-46
191
177
-96
-144
70
-4
-57
-81
-4
-60
62
-97
8
-56
64
47
173
-101
-111
-13
119
5
-22
-69
-10
-87
-133
159
-115
-22
92
50
-85
-2
156
97
-39
106
6
79
-21
106
-21
174
-56
85
-5
-74
-53
18
111
-85
107
-33
164
31
158
114
-114
-34
134
72
-76
143
-150
22
54
147
-108
-145
66
-105
67
84
-96
-108
-148
-51
-105
-27
2
-52
-92
-75
-18
8
-62
134
196
178
-53
-105
165
-93
15
-138
-39
2
57
21
108
-129
76
182
-22
95
127
165
28
-39
28
-84
-128
16
133
194
-32
-44
171
117
159
67
93
-67
159
27
135
-60
115
123
7
-140
-142
160
153
26
-72
-85
73
-127
-116
123
13
194
135
-1
35
-62
133
18
-99
131
1
-134
191
25
66
-49
175
-70
-130
-61
171
-103
93
50
69
128
128
44
40
153
178
43
-18
-97
-46
30
-82
-118
-16
198
-100
-148
38
49
10
153
-29
153
-87
159
190
-2
-9
58
-84
-81
191
-84
-3
188
-137
130
110
123
-16
-78
-24
60
118
132
-85
-15
5
72
46
-103
26
-135
101
-34
94
183
-117
105
4
-27
109
-131
-86
82
-115
31
137
-84
179
31
124
-130
-117
-143
-40
-143
80
-47
179
118
84
104
175
-149
-40
-128
160
-38
-71
177
70
-56
-86
131
84
-3
161
-140
-134
4
-122
170
-134
-23
141
51
40
105
-81
-5
143
28
-74
-134
18
144
40
124
-48
191
62
196
-15
-60
112
-20
95
-110
49
61
-17
160
5
95
-150
135
-62
-135
-22
-32
-62
195
-141
-69
120
-37
3
-20
14
51
33
55
-68
-15
41
-66
-147
-71
130
87
87
-8
96
172
13
173
-60
17
140
-78
165
-126
107
54
134
192
150
-72
89
-42
106
-90
53
19
66
122
11
18
-40
-118
-105
-36
171
-24
47
-70
-25
58
-33
24
-109
-56
-120
-122
-106
172
91
44
-40
-16
74
23
108
-147
-57
184
134
176
69
155
179
72
13
-9
-64
168
-77
96
141
41
-81
97
77
87
-57
82
115
99
155
155
3
124
78
164
87
-100
97
-133
195
82
-52
-88
26
100
-145
45
73
10
-120
-50
-86
-88
130
69
126
-150
-93
-86
151
-54
-82
-38
-21
-140
27
-120
-128
-48
-131
-52
-38
158
-45
-41
114
-147
-56
86
-15
93
30
37
27
22
-26
-1
-142
180
81
-97
-65
147
-129
-41
54
-6
38
24
-55
196
91
21
184
4
180
95
181
103
-143
90
-136
-20
124
159
-104
19
-95
-136
67
41
-149
-61
40
33
37
151
23
195
-12
13
-15
49
-65
158
-32
190
8
125
-110
-106
192
96
-114
-109
198
-47
-93
26
49
14
-37
-25
-123
-83
133
-22
137
53
-65
183
-147
24
10
-53
43
-13
104
-59
-64
146
193
-139
186
-119
-71
-134
6
31
90
-76
-120
-80
-3
183
31
146
-18
-24
11
-28
-119
-23
-21
70
-93
156
-108
136
-60
-150
176
152
-52
12
100
46
34
-79
165
-31
-41
69
110
82
-7
63
-50
78
-34
-6
115
-131
-39
24
89
-45
-99
133
-131
-61
-134
-49
-11
73
-143
-114
-106
-64
-142
-23
-106
-87
-112
-115
-110
-141
-13
40
41
-61
77
47
156
-126
69
-58
90
-50
112
87
14
-111
31
-61
9
187
7
156
-129
176
-40
193
-48
-128
113
132
11
183
-30
163
89
-94
-12
133
63
-42
-87
-133
-67
96
-89
-57
-47
-84
-63
170
68
-111
151
-15
-109
-27
-44
114
124
-141
196
165
75
197
161
82
167
-12
145
-21
115
75
-84
136
87
125
26
94
-25
112
161
-95
-81
-116
178
-115
-63
158
-30
120
-86
118
149
64
187
-1
-142
-6
47
-55
193
34
156
-124
-114
157
-49
110
-21
34
-83
-71
172
96
28
141
87
-64
25
40
194
-26
-43
192
-8
-8
-37
162
109
153
-98
97
143
-86
93
-8
181
-19
85
-62
-40
168
5
-136
117
85
-7
-141
36
-143
43
-85
168
124
-11
137
-104
-79
49
112
143
160
-57
124
40
-51
-71
-138
112
-98
96
-97
160
72
6
190
108
54
149
116
99
-149
163
-108
82
146
150
155
38
-25
26
15
-98
196
-138
179
-89
-68
-26
-5
138
-44
-33
139
94
-128
8
-39
45
192
86
-20
-121
-60
-45
151
-106
-108
45
-56
122
73
169
-75
-43
141
68
2
-96
-108
-115
19
99
-77
-32
108
-111
-115
54
-24
112
-1
92
-49
136
19
150
71
151
159
16
-63
79
-81
-32
-78
58
87
96
-21
41
44
29
-112
167
113
-127
-41
101
116
197
123
-140
76
197
68
122
-121
195
-39
-103
76
152
170
60
95
-141
-54
-35
-112
-23
122
181
48
-63
-79
182
-36
10
46
182
187
32
-118
149
143
174
95
-134
-49
61
134
56
-82
-145
11
124
14
-51
-12
36
-88
-24
91
1
85
39
169
50
196
-70
-136
-113
148
112
-128
117
12
106
-2
87
-132
-127
91
-55
-70
-3
174
42
18
-132
-52
193
-13
142
95
141
146
152
52
-133
-47
156
-106
105
121
-72
-40
-67
93
19
-90
92
106
-94
81
157
169
-76
-121
120
-71
50
-33
-35
-20
-81
177
-77
-140
-19
-8
27
90
-49
45
76
140
8
-101
114
105
176
-124
195
39
-34
180
-85
13
-145
-150
-83
71
112
-146
25
116
72
44
40
-33
-116
26
145
-66
165
-78
-95
-131
129
30
55
-132
17
-2
-19
-75
-111
-25
186
-123
-4
-101
122
-107
164
73
117
-96
4
108
-100
86
-36
-71
-81
34
-98
16
110
-18
70
-114
-41
151
101
-55
26
178
127
149
-13
98
172
-88
157
-143
-68
160
-130
-116
-33
26
111
79
119
-39
151
176
46
78
-60
-49
105
159
22
8
79
-88
-150
151
-126
23
51
-21
-28
3
5
-104
-84
147
-124
-114
17
142
23
145
-51
-58
-34
70
-62
-43
-126
149
-127
-149
16
-135
70
79
-18
39
-52
124
-36
65
-24
147
-10
191
-31
-96
22
-123
-150
-108
-112
161
197
160
-126
189
53
-57
-36
126
139
-106
154
-23
28
76
147
58
-86
-19
56
-47
79
7
46
83
-17
28
101
158
161
116
-38
99
177
132
-79
40
-40
146
136
64
189
-15
75
117
1
3
6
33
-47
-17
-61
-3
-101
2
-125
1
69
194
149
-51
79
-88
55
-60
50
-101
86
154
85
-32
-123
-136
137
102
148
128
200
160
-39
-133
-96
-121
11
101
117
-32
153
7
-27
-18
19
147
51
-89
-101
-89
85
-62
-46
133
-52
186
171
-148
-76
133
122
109
-40
26
-74
1
-56
-137
37
23
-15
-92
-117
-51
121
36
175
1
57
170
-54
15
-3
46
-12
122
-106
143
56
179
-102
21
165
-150
105
135
-97
31
-79
-56
71
88
28
-117
54
-56
96
92
46
14
80
162
73
-54
150
97
-17
-90
-89
148
188
-71
102
1
-64
77
125
48
-90
-143
155
8
-129
-150
-116
146
-147
-124
67
42
8
155
17
186
46
-87
125
173
-76
75
-87
69
81
-41
-83
193
-120
97
-150
-17
-131
-112
-126
51
-61
-134
54
143
-117
15
-39
-35
178
32
188
111
-8
150
-89
114
-20
-142
-119
21
192
-80
33
175
159
-147
78
93
150
196
129
-58
83
-101
-93
-123
50
-13
-64
-111
85
50
-53
28
16
-137
-64
4
-23
141
49
-121
-121
160
132
-92
121
168
10
175
155
152
-145
-130
-72
41
4
-4
-62
41
-114
-99
-81
186
42
-10
-48
199
131
-49
-7
98
108
-143
-85
136
-71
62
5
16
-137
51
135
196
-62
124
42
52
49
-54
-92
-82
1
72
120
61
115
142
-102
-26
29
55
-148
-95
-2
-34
196
-28
157
51
159
162
95
109
64
-141
108
118
7
-44
-130
-92
184
-57
-133
109
12
-146
12
-45
-22
58
-53
83
-40
-122
182
-57
69
-102
-54
98
27
-26
178
71
36
106
63
-29
-73
-82
-139
-5
100
195
-20
-101
149
-27
190
-16
179
-139
131
-28
53
-24
-108
85
-48
121
87
-77
-94
-33
124
75
-115
42
-45
139
40
32
82
-93
-106
-63
18
15
-139
78
78
25
-32
200
63
-23
75
64
46
-94
-10
124
-115
-83
-113
-117
192
156
-78
15
13
163
179
26
-119
25
-111
-72
114
-26
-28
-144
-129
-13
95
157
189
60
-66
66
184
90
142
-53
4
180
188
180
-3
-113
-123
-100
-41
77
78
144
150
183
11
-142
178
47
48
-138
4
41
-129
69
85
-43
-15
65
19
-143
-55
8
40
167
54
50
-81
-49
61
173
96
-118
11
72
74
-63
125
27
36
90
-55
-132
-74
-133
189
140
15
-28
56
-94
9
-113
30
-15
-116
-131
-16
-76
-13
169
-17
82
-90
79
147
162
3
-42
52
127
-145
-83
188
-125
27
101
-67
-94
-23
-123
96
-146
114
-57
151
-7
178
130
-103
-124
-101
10
11
134
-64
-39
1
-62
152
-101
-16
80
144
-135
-51
106
-124
119
-75
-108
34
-128
192
-25
-103
65
-136
124
-91
25
48
-138
95
-108
3
-102
-125
86
-97
98
-29
195
-37
27
-54
-72
129
-145
1
116
-35
-60
175
97
167
91
109
188
-137
181
178
-89
140
28
135
-46
-50
26
62
71
-54
-93
-149
113
39
-104
21
-59
117
41
188
124
37
3
185
146
154
190
-148
-70
-37
-123
183
-51
153
196
195
26
-30
137
182
158
131
-99
180
-51
53
93
-3
108
20
-4
103
-18
63
74
129
23
196
-20
153
-41
-36
-21
162
70
-126
100
-11
55
75
-146
-86
90
-32
62
133
-31
199
98
111
-20
37
57
73
-19
32
-80
-51
-76
124
44
130
89
168
117
-71
80
-91
-62
135
77
1
-96
158
-119
60
157
57
181
132
74
118
143
171
99
-90
139
-61
-12
-115
153
133
-77
17
-21
28
-29
-139
183
-42
-76
60
-24
145
27
13
76
142
116
-55
163
-87
-113
60
57
12
-4
-82
-150
67
19
-35
-119
-12
11
-49
-141
1
-60
119
103
153
39
-60
-90
105
-57
134
-57
-92
47
56
-106
-57
199
-106
103
-111
-75
88
116
-16
119
-6
115
122
149
63
72
36
67
-48
-98
-76
86
121
140
-93
-38
111
159
-31
30
2
92
185
-63
-1
-31
120
97
89
13
-132
-13
-23
-93
55
-97
171
194
-68
48
-98
-45
85
58
129
-18
174
-132
136
-44
91
-103
-78
-70
-91
117
154
-42
-85
-15
175
5
167
17
-124
97
135
-14
17
82
-71
184
104
184
-74
142
-59
-12
140
72
-106
191
99
172
123
-96
198
-74
-29
101
1
118
129
1
132
-27
167
61
-127
102
-49
-136
137
-23
-126
-146
-139
-97
81
-47
60
161
78
183
-116
-118
-106
-97
-118
77
155
164
126
-7
-11
99
6
20
49
130
-20
195
163
63
76
9
-130
-119
-124
137
-5
58
143
-105
89
170
147
128
157
-82
-46
-146
128
164
-114
-36
64
122
-102
138
143
18
33
27
93
-91
187
-81
-145
-76
-104
37
-112
160
148
43
174
41
122
-4
33
120
191
158
-47
80
191
-129
54
2
-55
-114
173
-78
-58
-140
60
-122
171
129
-110
-1
53
105
-98
190
-31
184
-101
-115
121
47
159
33
-54
31
-48
-90
111
30
195
35
2
-62
70
-68
138
169
-80
72
134
189
-125
179
-46
62
-101
-130
20
9
-36
-21
-125
-38
-92
184
85
-10
-103
73
-63
-131
-102
-56
139
146
136
-142
74
-148
-114
-117
37
143
-145
55
186
-130
163
200
56
-61
-17
-32
-140
-102
-147
36
174
176
162
-81
-116
85
90
62
-30
11
193
-47
199
82
-59
-118
93
190
-122
199
-130
2
-61
167
28
142
-37
-116
-18
118
52
162
-60
175
35
136
-42
-1
-88
185
-125
-30
87
136
194
75
188
-147
-138
-112
159
-69
-10
190
81
145
-117
-5
169
-7
-77
-140
-61
175
117
152
76
146
-74
81
-48
75
-30
4
-129
148
-15
-57
187
-124
-15
186
197
63
108
16
-69
45
-115
81
-83
98
143
-54
-107
17
75
49
92
-41
-129
187
88
-85
-35
-26
173
36
124
152
-59
-23
73
91
125
-51
-150
-121
164
-52
-13
130
-92
175
-118
-63
176
44
108
61
-143
124
-95
109
20
-99
121
-108
113
2
63
-103
153
194
10
107
198
-139
26
174
115
179
79
11
1
-5
-116
55
-141
119
-39
-86
164
141
41
-118
-129
-135
126
47
-147
-119
128
161
73
-69
-146
181
40
9
183
104
64
-144
-141
57
9
-40
-29
-110
15
14
-73
-90
-140
106
181
128
-14
-47
-54
-15
133
67
-63
94
115
-58
-47
200
144
111
164
13
138
160
75
95
18
119
-149
95
-49
84
53
-93
-128
123
-120
-128
103
-31
56
3
-129
114
144
-88
-21
-34
-69
-70
30
-40
23
47
43
123
1
173
8
35
-24
96
117
12
-5
-140
78
104
54
42
20
182
-63
-117
47
-8
151
29
-129
48
155
61
12
13
71
-1
5
148
81
-10
-33
188
38
-88
-141
-90
-23
-37
-121
150
53
59
99
71
42
85
-8
41
-86
108
100
94
-30
-71
-150
164
58
-86
-59
157
110
-93
161
-47
179
125
122
142
3
190
7
66
144
-124
-144
-147
192
13
140
156
-47
74
66
-46
157
-27
19
67
25
-104
121
-113
199
-94
172
69
-71
156
43
-12
-13
-95
-98
23
129
-105
-55
-7
-68
59
55
166
104
139
-72
130
59
163
-91
-49
114
115
156
159
116
103
-29
-2
146
191
-141
86
89
75
-124
-44
37
-127
45
136
-61
76
148
172
-28
133
20
192
103
166
111
-2
-46
-62
-89
-70
-97
-95
-30
-149
25
159
50
145
-73
10
-88
-114
164
112
-82
126
1
20
175
-76
-81
116
-4
195
145
-11
100
-102
46
180
-21
-146
110
193
-70
79
3
-141
-5
-146
111
89
-96
-7
1
-76
77
25
-140
123
-142
46
-63
-131
187
140
-133
-49
-2
19
-54
-107
6
13
-87
-10
-83
-113
168
178
109
107
25
-62
-64
157
151
97
67
-17
-96
137
118
-43
154
31
150
-63
147
42
46
141
-2
19
50
129
181
-39
196
-118
179
145
37
31
151
-106
-127
-121
64
112
-70
151
-129
10
-62
-135
-10
-134
60
115
74
-145
32
111
20
61
191
175
74
119
38
11
63
-73
181
77
-93
-103
159
-124
-133
74
80
-78
6
141
40
-126
-114
-33
-26
-35
-134
141
106
36
75
34
76
-41
9
144
60
-17
26
90
-38
122
171
56
-34
117
103
-101
-68
186
89
71
28
-123
-17
-44
185
2
95
-32
123
59
-135
-39
60
-132
-131
-88
-48
175
-35
71
45
115
70
83
22
-19
99
-140
52
-126
78
98
-135
-81
119
19
142
-125
17
141
-24
-122
-40
48
52
-41
-41
141
-18
-75
-120
2
-25
-98
-91
-81
82
38
-20
153
106
-88
-13
183
-107
66
193
111
170
-90
-91
-118
-24
-141
193
9
50
110
-49
-28
-87
7
-112
93
116
83
177
-111
-95
142
-121
-10
-41
-17
20
150
-110
120
179
146
137
156
-146
17
15
59
-125
35
-130
93
90
175
57
27
-3
153
-17
-93
-71
169
187
141
-11
122
56
-7
29
105
-118
-96
77
161
-57
-69
79
190
-65
200
129
35
137
-87
-74
112
-27
193
-96
-15
71
63
185
145
193
97
39
168
-119
113
101
-63
61
-55
102
-48
161
-79
-76
102
-122
155
-16
-54
104
-13
192
116
-112
-40
53
174
165
137
-92
147
137
-31
26
54
-75
-34
-65
-122
36
-81
10
-12
-5
-60
166
83
116
-11
43
18
155
-42
54
74
-15
-103
156
-136
-54
-104
48
-123
12
130
16
115
41
8
-21
78
-96
29
-98
-40
-101
-62
-19
-15
167
146
38
139
91
-32
-19
8
115
11
26
147
39
99
-36
170
10
149
66
-6
185
-2
-15
-108
-18
88
-37
69
-133
93
32
138
76
-39
67
-22
2
-58
96
-133
146
-50
-52
90
-146
113
70
26
-124
117
48
166
-80
38
-115
-16
46
-78
-81
198
94
-65
-140
118
-145
95
-92
-93
-129
28
80
116
197
114
78
59
-6
74
-40
174
76
162
83
-90
65
-144
-93
47
186
-17
121
152
75
166
57
-55
84
-143
44
-16
-136
-42
-147
-21
36
-31
-60
68
-34
129
138
155
-149
95
4
180
-89
120
-50
-38
108
177
-1
187
-17
-64
-8
-59
25
-74
192
187
-143
-63
161
114
129
19
64
5
-14
-124
116
-112
149
-71
50
48
121
-104
-128
-44
188
164
160
-36
124
190
192
-78
-36
96
-10
-150
113
34
36
13
-20
-63
65
44
-33
13
-26
-44
-120
191
-6
19
-120
107
20
109
-25
99
88
35
9
-5
-37
154
40
-99
176
140
-67
86
81
103
96
-74
195
78
188
123
-75
130
16
64
-66
-120
152
-139
-38
150
169
122
44
-15
-4
-56
157
-116
88
146
97
162
79
190
180
-62
29
-140
-73
124
55
97
-72
-80
186
147
-63
20
-10
-16
196
-38
-145
163
-74
171
114
98
-19
136
28
7
116
-85
133
44
-144
-137
-102
192
60
14
-137
13
170
-38
3
-62
-48
178
153
155
92
-64
101
-98
-4
58
-19
32
50
105
-109
-52
-113
33
79
128
-147
-143
162
-98
3
57
-122
-26
-37
-54
-123
-109
92
-89
-100
-111
-120
108
-113
-51
65
36
192
29
-115
35
-43
1
9
132
141
-25
25
56
92
-131
-144
-47
173
-55
-86
-109
37
146
41
119
128
55
126
-35
91
-7
-52
90
-128
51
197
5
-73
-130
-15
91
180
-120
173
77
-55
8
-19
55
185
142
-96
126
-146
122
150
-20
37
100
-141
-114
-109
152
105
187
88
9
94
-42
50
182
-108
-67
80
-84
193
164
3
-88
-121
174
146
-80
-24
192
50
122
75
-27
-116
-147
35
-15
182
-139
-89
-30
-77
-2
46
23
38
146
-3
85
-70
123
104
-99
52
-12
-59
-71
141
-141
70
16
-140
50
132
39
-26
52
-37
-9
74
-81
-57
-143
-122
-86
-74
83
156
-35
43
-108
-66
-41
-146
-68
-79
198
30
-74
-45
107
175
88
-80
31
121
-29
80
-98
152
106
116
-2
187
34
129
-39
-28
-5
27
-60
192
-113
-23
132
190
2
-22
188
2
49
104
-69
51
21
55
179
89
-57
166
93
198
-32
-134
69
-79
-46
-7
-69
63
-129
183
-35
-94
-9
-4
-92
101
165
171
179
163
-86
97
183
94
76
-78
-94
112
-41
1
-57
107
72
-36
161
95
134
176
103
122
184
-20
172
35
16
-22
61
158
-81
-20
117
60
-60
2
26
-87
-105
-1
62
83
88
-129
59
-44
-134
-55
195
-50
-146
95
159
34
65
-70
-48
-26
-121
196
31
-140
-41
95
13
-116
28
-126
173
-62
4
13
22
76
38
132
3
-112
66
-101
189
116
186
15
152
17
42
79
-74
79
-52
-120
79
104
112
-13
5
126
78
-13
100
23
97
36
187
13
186
-26
-83
44
-29
-45
86
46
7
-86
-26
164
146
-6
57
-8
-68
-148
-98
41
199
-99
196
-11
-103
-46
151
81
-104
111
-79
-33
-150
-123
-76
-33
53
-113
-87
44
-117
32
158
99
122
29
-106
-53
-50
48
39
-137
-62
-127
1
-53
-18
91
73
99
136
144
-116
103
73
151
-63
103
196
182
190
75
-39
31
-57
-11
158
5
-21
19
-31
114
151
45
50
189
-64
-105
-12
152
-142
-6
-13
-38
27
104
-23
169
121
185
-50
-47
12
-85
-111
69
30
129
-35
1
-145
-66
-49
-24
61
178
-63
181
197
163
19
-49
-85
-5
-83
-7
128
187
130
-30
36
-5
187
141
-47
25
13
83
60
129
71
-100
-9
-113
45
44
-42
178
11
180
-66
-96
43
141
194
-96
23
-26
-105
37
-18
-18
-42
101
-59
39
64
108
138
-79
77
-77
-125
-10
-34
156
-6
145
170
-85
-47
163
-149
-43
-72
-28
-19
-114
179
136
137
71
-10
71
-130
80
82
176
153
43
-144
-16
82
-101
-18
-50
-83
-52
-99
20
145
104
-149
39
-54
-80
118
8
-70
-78
-61
-113
-53
-90
-20
12
-56
125
24
16
-31
-92
9
5
-60
-141
-94
-86
174
182
66
-48
-14
-98
36
29
21
-118
34
10
35
-127
-54
-68
170
56
-18
-124
-92
-43
-50
-85
-16
103
-143
-29
-81
108
22
-31
135
22
-51
117
171
11
-117
182
-66
130
170
112
139
101
-3
135
145
-39
80
-69
37
16
120
5
17
56
-149
62
133
17
51
86
124
-119
-146
-5
-70
100
-2
-3
-92
-86
20
-133
-50
38
34
78
-35
118
22
127
-65
-25
-103
-7
193
141
-137
-59
173
-59
132
197
54
76
187
169
84
-64
152
151
-64
-82
160
-10
2
141
-53
-123
-46
-12
193
136
120
79
110
5
189
9
-93
74
77
-122
149
149
13
162
-30
-139
77
88
132
-44
-44
65
128
-106
15
47
188
124
192
64
-75
-63
-112
-59
-3
-6
-96
-10
165
61
-61
-110
-85
47
-90
62
111
-66
-138
-92
176
80
-63
30
186
40
160
-85
-73
141
71
37
139
50
-15
121
63
-20
-118
-3
-148
29
146
32
-12
129
-46
25
127
-51
-21
31
-94
59
180
28
-140
16
38
132
47
-97
122
-44
-135
10
152
-2
29
185
-49
-150
88
6
80
20
72
121
57
-2
155
126
-98
-20
-142
-11
-85
55
162
-20
-79
-49
-72
-3
44
48
-45
73
-91
77
26
127
97
162
-115
-86
-1
-42
-6
31
116
131
86
130
-36
-123
90
-70
36
-22
-134
158
-37
193
176
19
-149
-70
-139
-126
-92
-9
142
47
41
25
-46
177
100
-86
80
-127
118
23
-70
-107
-90
-19
-18
54
29
146
-35
-67
-105
-66
-103
10
-70
74
83
-8
14
-58
-77
77
-111
143
130
-45
23
80
149
-11
-123
182
9
-46
140
121
-132
-41
190
61
72
-58
-144
-97
41
-28
167
-73
142
198
9
-38
-4
193
-58
-52
69
160
-10
-105
-136
152
98
85
-79
-3
-35
-44
181
195
116
-92
-96
-103
23
87
-17
-97
-106
71
121
53
56
-139
-65
-16
-97
165
-133
25
17
-76
-77
-84
-74
-7
-105
165
36
125
-99
158
-142
113
-106
37
-31
15
-44
25
-94
-124
-67
69
-57
98
171
-93
168
-107
81
126
-28
126
-4
60
-48
-9
10
-44
50
-39
-59
-140
-138
-55
157
-149
197
-21
137
-102
164
-148
9
-124
177
130
7
-83
109
114
-95
168
135
139
-41
26
-121
-21
-63
51
193
146
151
124
165
-138
118
172
176
157
36
165
96
-15
126
80
21
173
-81
48
35
-113
102
-16
17
-52
126
180
-42
36
186
190
116
-45
-77
186
-27
-142
-8
34
-33
-148
93
123
-95
-30
113
-47
130
89
26
-27
-66
139
127
-15
77
60
139
-54
121
-3
-11
34
25
-59
-57
184
159
9
116
-61
-79
97
90
-63
-57
-98
-45
46
-28
23
191
193
70
29
75
-63
-102
30
-98
-121
-37
-33
-31
68
-105
-4
-132
6
-55
-3
-36
51
-74
180
37
-34
-91
155
31
4
-112
134
188
117
-92
11
-112
195
35
126
108
73
-66
-9
-100
-35
170
28
142
-99
172
158
120
-53
148
101
24
53
64
85
31
-23
157
53
-150
-41
83
178
-99
77
10
-84
17
-42
122
94
-25
37
66
-106
24
129
18
132
-50
-2
-135
68
-46
58
10
27
64
-78
14
85
30
-12
-80
189
-68
92
40
186
118
84
-68
36
-140
-93
-27
184
13
155
-3
129
141
166
139
-45
9
63
118
-99
177
81
7
174
163
85
-102
119
-118
-1
35
54
112
-109
72
32
-95
41
-8
-58
16
96
10
113
21
-23
156
-126
171
136
-148
180
-60
-9
33
-51
-110
189
97
105
-72
-77
156
138
-52
82
-10
-29
113
23
-126
-77
20
-20
-143
29
32
110
26
177
185
-88
6
26
-84
145
-74
24
-126
175
15
188
176
115
179
-136
-113
-3
-102
193
-11
-62
132
179
34
88
85
91
13
22
-18
-51
91
-14
129
188
171
136
71
-108
43
139
-10
41
-140
-130
-102
153
63
-122
-70
-5
4
-114
-24
-106
195
-55
102
69
26
29
-2
45
-8
189
-21
55
22
-117
189
81
-22
176
-28
42
116
130
-108
-31
9
-16
200
-19
191
-97
149
-112
-1
-120
-136
-61
107
15
103
43
192
-20
-1
-32
29
-52
112
-143
45
173
90
-86
71
150
68
62
-23
-47
-72
12
-75
10
156
-88
107
22
-34
3
-76
111
-131
193
73
-7
-131
-11
6
64
-136
-66
104
33
174
121
-130
16
72
197
17
88
158
154
-144
177
179
-71
194
-112
2
78
159
37
-149
117
169
76
-123
173
37
111
-34
-117
-35
187
159
-77
181
-39
-79
68
116
-41
161
179
-89
190
36
77
91
-84
-74
65
181
46
-72
-55
-14
156
-43
-44
20
37
93
49
-102
-111
-132
-51
141
-77
-20
57
-32
-97
15
110
-75
29
-50
-136
98
64
-19
-104
-122
24
-88
108
-54
-38
169
-127
61
-25
-99
-68
-122
-75
154
-8
122
90
174
36
80
153
3
-18
123
88
89
1
-28
75
179
117
1
-5
-27
-12
101
-96
36
112
-12
19
6
179
-23
14
-99
-136
-68
-57
-74
-94
-8
117
-85
-42
-25
143
94
30
172
-58
-69
50
-138
46
-14
-140
163
44
176
14
-124
28
11
167
-105
73
-137
143
-104
112
188
18
-76
-146
68
52
-25
1
65
-32
69
-39
97
-61
113
134
-103
-99
-146
-134
159
-142
93
121
117
37
-104
-16
67
166
5
182
87
22
-53
-84
-140
192
-114
23
-105
178
47
-17
-69
94
-32
188
146
-118
-112
40
18
13
49
174
-107
-69
177
61
-57
-2
22
154
76
100
149
-56
198
56
-63
16
121
81
-89
121
109
147
-73
-37
125
76
-31
64
-79
118
48
192
-131
127
-14
188
185
57
-31
-93
26
75
-29
142
147
-16
163
153
-48
173
-18
-86
-78
99
118
162
-45
59
8
-35
-18
-31
116
-145
-2
-94
-138
85
196
117
-5
-86
76
184
-86
-138
-3
116
-95
-9
191
51
124
176
-105
150
187
-119
-54
-146
143
49
168
-29
53
148
141
157
43
-103
-8
-44
-83
188
-91
190
-139
17
12
161
123
-62
197
198
36
-120
93
28
130
165
-138
-94
164
125
173
-119
18
21
194
124
140
187
88
-53
92
-127
152
197
-139
-67
-117
-44
-3
140
-2
165
191
148
15
-127
13
-44
-94
-109
158
130
197
162
169
98
-19
-30
39
138
-13
105
-80
149
77
191
197
192
-70
155
-79
37
-125
-143
54
-103
-78
-71
62
-3
69
-128
-137
162
46
-60
-65
-82
-116
81
-133
53
-10
108
-4
40
-119
-38
-26
72
189
-44
16
-27
193
-109
37
28
-51
-103
-122
40
48
-132
194
-10
33
75
-29
-60
89
-89
-126
100
103
6
-10
-149
5
188
-30
145
8
-41
-79
-83
180
-101
-17
64
77
-101
-34
-68
40
153
110
8
143
-24
-83
-4
-141
36
104
34
194
-28
57
156
-119
-67
25
-16
131
174
29
-34
-133
-71
122
196
53
-49
163
119
19
167
163
105
59
29
25
176
62
-147
20
84
36
17
184
171
19
-68
172
113
155
129
53
-53
-36
-24
58
-140
-137
-9
50
120
195
140
135
-43
161
-11
12
-28
26
179
-83
-143
73
-27
-72
-4
82
157
110
86
-26
-67
62
-140
148
-19
-81
47
69
85
-98
124
-135
-133
-144
131
50
165
-103
197
57
-32
-68
-19
105
97
14
-133
-119
-145
13
-104
-149
83
25
70
101
-38
105
28
148
119
-107
194
33
175
88
-37
74
-77
-2
-44
-77
48
-144
-3
122
73
33
-95
-139
157
-130
26
176
-72
-79
-140
-135
-71
93
-85
-53
132
73
54
52
32
-10
-95
95
166
99
82
87
110
-15
58
-50
183
-129
49
107
188
171
-99
11
-44
196
104
-37
199
13
-106
-87
138
167
-96
-83
44
-103
-60
-122
-10
-97
114
157
-13
157
-101
2
191
-72
-71
83
-7
27
152
147
42
98
34
194
84
198
-105
2
-111
132
65
116
-149
93
-11
-139
-108
-22
-19
84
22
-22
104
80
140
55
105
-37
165
185
-128
96
26
-115
-137
-12
121
-83
-42
194
-112
-32
10
179
114
-51
65
82
156
83
35
157
61
-28
132
-55
92
-52
190
-11
180
-12
-12
-126
116
141
-8
162
-117
46
-33
-60
194
73
-127
199
177
110
54
-81
-36
130
70
193
130
130
-73
140
90
181
-117
154
76
200
152
-9
-105
38
-80
-116
167
-8
49
136
29
-19
-118
-7
144
-102
-44
95
-22
-20
164
104
111
31
-8
41
20
197
-113
-146
195
154
74
-31
70
199
115
93
-45
74
-101
12
-52
-136
-36
-18
178
177
-58
-42
161
-63
-58
200
128
-31
-27
91
166
-51
-101
165
175
81
-105
187
-93
113
78
-36
-107
-93
101
-5
46
-51
160
188
-142
-42
180
133
119
-23
57
-2
142
-74
150
-141
-37
-92
117
153
16
1
112
152
-54
-111
83
-85
106
25
22
11
-93
-76
-58
181
136
-96
-125
172
-21
80
-74
136
181
-149
-113
125
160
29
11
100
156
96
189
131
-55
11
-123
23
-23
152
194
133
-131
-118
189
98
-34
-110
-44
-42
-110
159
-76
23
6
86
7
-34
-1
22
114
116
-92
-40
-122
146
-121
153
-116
183
76
-34
124
59
159
48
149
52
29
100
75
69
68
-8
161
54
145
123
132
-61
65
17
-12
109
128
49
49
-46
193
5
-41
176
147
-104
-150
139
71
52
185
142
196
-147
-24
-79
-104
126
-94
43
91
103
-3
199
169
14
-4
-93
70
133
176
33
-56
-111
135
-79
-126
80
13
-48
128
18
86
-26
200
70
-114
-37
70
94
42
51
36
-52
97
-147
-128
124
136
139
-109
46
119
-9
188
107
146
-114
-12
-64
35
63
-142
152
42
-142
-99
-28
-1
-85
162
-148
11
98
-118
192
140
181
180
121
-4
13
55
116
123
141
51
136
45
59
162
178
63
-125
96
72
-74
164
-99
-67
-68
157
-34
81
146
-22
74
-46
73
-146
-1
60
-103
5
-94
82
93
-6
58
36
-40
-76
83
197
57
73
155
39
-59
16
-76
21
1
-125
11
-9
10
9
65
19
200
-24
-69
154
58
-89
199
86
16
159
-109
173
195
29
-143
-54
-67
96
-25
95
-141
183
-145
134
60
196
-19
14
62
166
-19
-105
79
39
-67
-133
25
116
113
-6
82
68
-60
31
-65
-72
189
-93
49
-44
180
142
-32
11
121
140
190
-96
128
-115
44
-84
137
92
-147
81
136
-81
117
10
116
25
135
-23
82
-18
-84
-102
1
-121
167
-139
178
197
32
159
19
13
41
125
-13
-3
115
-28
16
-148
-44
-90
200
-2
-55
114
192
-90
152
93
-18
-115
37
35
96
95
38
22
136
-54
88
102
151
-145
81
190
-142
9
116
-7
-112
131
-116
121
7
140
-71
9
-95
122
-83
52
100
91
-46
150
130
18
102
-132
-55
-9
121
23
-132
8
107
-113
-98
79
79
190
-27
38
200
24
18
-44
82
-112
52
-64
56
164
-12
145
131
148
117
-141
6
-70
125
66
-53
137
-63
-104
-120
185
184
154
-93
-143
-115
112
187
-139
-34
-107
155
38
199
-24
142
67
-99
143
-36
98
-42
-12
72
-79
72
5
-73
-53
-1
88
137
92
64
169
108
-102
37
-118
-120
77
145
-81
1
-6
46
28
98
106
171
-38
-110
163
193
-31
181
-147
98
167
45
150
2
102
127
-27
-47
-62
40
1
161
-129
72
-60
31
93
-113
65
-118
-14
124
68
145
175
-130
-42
-132
94
-138
185
182
86
-13
-117
196
195
58
52
78
-98
157
5
17
-150
-124
125
86
-124
-44
-111
-120
194
165
181
39
-109
84
144
107
-98
18
87
113
122
8
39
-22
194
-114
162
16
41
-59
43
118
102
-79
123
-105
67
95
19
153
-18
179
-78
-125
174
1
70
37
-86
-96
102
50
-29
125
141
-25
-123
-38
1
-42
127
9
-149
-5
-56
97
7
137
100
192
-109
49
27
-104
-13
135
139
-98
30
95
71
137
-57
132
-52
-143
-132
-144
-37
-63
-36
12
-91
-64
165
126
132
-45
4
200
56
133
-39
-65
48
54
55
-44
24
28
53
99
-74
24
37
116
61
115
50
154
-100
62
73
189
28
90
150
91
-144
89
68
19
146
19
121
136
-46
143
71
128
57
180
28
-125
172
-99
43
127
-9
-76
154
-49
72
-1
-56
-114
37
84
36
-11
14
-48
195
-78
194
40
191
-96
187
-106
-111
105
138
-18
-9
192
111
-143
-90
-134
-31
-116
175
157
115
-84
11
111
118
38
182
76
29
25
74
146
140
195
-141
93
-92
68
-52
-89
52
-103
96
197
23
-41
115
-24
-112
44
116
61
64
192
57
170
130
151
128
148
-87
-42
-84
141
-130
-110
-84
-128
-99
18
-87
180
5
-33
57
47
24
-64
45
-27
162
91
83
98
-113
-28
103
20
79
110
-12
-56
-104
5
106
158
125
158
-44
6
-117
35
170
174
44
-19
-53
-26
199
91
-114
31
181
-5
122
-144
-140
119
-106
67
-137
-59
24
195
-117
-52
5
-63
117
-57
-46
132
179
191
69
-80
-59
-123
-92
183
-112
88
24
-32
1
-126
-104
31
156
-39
-115
-35
-86
-150
-65
129
-78
-122
129
22
188
146
-28
112
159
-70
-42
-9
-44
112
-37
159
-4
-108
152
-34
169
148
-146
-83
-132
-150
-90
142
132
-24
17
59
-143
-116
139
-28
-28
12
196
110
23
49
-77
-73
-78
-59
12
52
-134
168
-77
-38
-64
-150
138
-73
195
-18
-94
153
69
-76
-130
-127
-42
-7
98
-41
32
65
-141
77
140
103
-16
97
-31
105
128
12
47
173
-101
152
107
-103
150
-83
164
139
-96
151
140
-50
-89
65
158
-145
61
183
151
157
153
114
102
-111
-129
5
-56
-43
4
187
88
87
190
-8
-33
-15
-89
-147
-13
-139
-140
-92
137
117
127
-1
180
-120
176
139
40
49
-34
-13
34
-4
-147
24
-105
147
178
101
-131
-110
55
126
-130
-59
136
87
-8
112
10
51
-32
-129
191
-138
153
-87
-132
-16
-24
198
-23
198
144
-54
63
-54
81
-7
-88
99
41
-25
-43
64
75
-55
13
12
180
9
188
100
-93
93
142
178
31
61
-55
100
144
118
74
-95
-142
119
157
-124
-3
110
124
-130
-44
185
-11
171
25
-71
-109
67
-127
1
49
-25
17
-32
4
-139
-106
71
38
-60
-135
106
163
199
-114
88
-120
-30
132
115
28
-135
61
26
-97
-33
104
97
137
-40
-34
-84
-88
91
-145
46
133
157
-106
-91
38
63
-97
-52
-61
71
38
88
-24
-63
-8
20
151
89
-92
-148
-136
140
-86
-121
131
-120
-96
-91
65
-44
26
-71
53
-91
-41
20
9
-101
3
198
-79
180
-110
16
38
-80
-63
125
194
-64
40
82
53
-74
-30
-120
-36
-113
120
114
-139
51
-140
63
118
-103
44
-114
-102
181
128
-99
-109
1
-63
-139
135
34
148
55
-50
-44
-72
-97
10
-145
152
35
-86
134
-24
-28
183
128
101
168
-142
-45
-23
-64
128
-83
-127
88
100
154
-21
180
109
83
-117
-58
-101
-56
-91
154
38
162
-119
131
-23
27
-128
-96
190
-113
-125
162
79
-122
-102
173
1
116
-149
182
-84
1
-33
81
-135
-109
-38
180
96
116
70
69
79
-76
6
93
-20
-71
198
38
137
82
-35
125
41
7
7
-107
145
115
120
66
140
147
69
28
41
31
-70
183
-61
186
127
-84
116
-7
20
-106
-103
-52
-66
-148
92
130
-101
69
-121
-84
-112
-91
-6
30
54
75
169
188
-76
109
193
58
10
-72
-129
146
-21
-105
-118
-64
-25
-49
-145
-27
34
169
196
-133
141
29
-99
-99
-61
-66
151
74
-25
157
-83
-148
138
132
125
46
-64
121
-104
-17
150
-27
188
196
-6
-34
-17
-43
188
186
116
192
-98
-117
-89
26
32
137
13
-25
-115
-114
-40
-24
168
126
147
83
-144
6
139
-91
121
-111
172
-139
-30
48
75
-61
40
-70
42
35
-70
149
130
173
101
-76
55
135
24
-7
-83
-60
-48
29
-79
154
9
74
65
-145
2
-114
-84
32
-88
-120
108
-9
101
153
-129
-12
113
99
135
173
45
-84
-80
-74
111
17
69
11
-84
-80
198
182
-65
39
107
64
-134
-111
162
36
-71
-31
76
66
-149
-148
127
166
36
163
-18
-115
126
-110
-143
114
26
163
22
199
130
-124
69
191
-52
92
63
136
-23
-13
-77
-47
-65
125
55
-122
-49
82
107
-119
23
-83
174
-119
138
101
39
30
60
184
-104
-65
52
-65
-106
20
151
45
137
56
132
173
-23
-89
87
136
-67
-112
-70
2
-21
-90
-1
-43
125
162
144
70
-40
-63
182
10
185
134
138
102
64
163
-38
73
-51
4
193
-32
47
-67
40
67
-79
23
100
-120
79
85
90
3
114
-27
41
-84
19
-69
-26
100
-37
77
-83
154
19
-19
45
-29
92
-131
-132
124
124
-89
187
32
34
-9
200
-12
-71
144
14
-93
-91
-71
199
52
-118
-1
-108
78
169
-58
-118
86
148
21
179
13
74
-113
163
40
73
110
144
198
-28
-139
-127
117
-37
48
162
165
197
176
-96
167
133
135
155
41
40
114
-22
161
91
-119
-51
184
-145
23
155
183
50
89
-80
171
108
143
-14
5
-113
-114
185
50
-84
11
8
127
111
-129
24
-16
129
74
-5
191
102
28
-58
-2
110
-70
183
134
-60
-102
-143
50
37
16
192
-76
-37
79
-132
-48
-109
119
5
138
114
-22
128
145
67
-27
-62
71
-33
168
-39
-79
-108
-42
-48
180
110
-46
-113
191
130
-16
84
89
-35
91
-47
105
154
134
172
5
1
101
36
107
-21
156
-69
74
135
130
130
-71
164
-72
42
49
-11
198
11
79
-39
194
73
95
45
-145
38
-66
127
27
60
50
-13
-96
-141
146
-89
60
4
-64
147
8
137
-122
-92
96
189
-46
142
130
8
183
-54
89
14
107
-89
138
170
-81
131
80
-149
-88
54
112
181
-141
177
-134
9
-64
-135
166
19
139
93
-37
-67
-100
153
138
76
95
-29
-53
94
-30
151
-97
-88
103
103
150
136
-41
47
-81
-4
15
148
180
135
-63
-24
-99
196
172
-43
139
65
-104
-59
194
-44
-99
152
146
192
-137
95
93
119
160
41
-146
82
130
166
-56
-62
9
87
27
34
161
108
82
-51
137
-10
35
192
-61
-100
149
-46
163
-121
-41
-62
114
6
141
148
138
68
132
123
-27
-112
-83
83
94
-45
63
27
121
-132
118
-77
-76
143
104
45
-15
195
-42
-28
-74
44
127
37
-25
-51
-49
-136
22
-11
-61
-107
113
-73
56
-21
11
-131
133
65
126
108
1
4
-57
119
10
-23
-73
116
188
103
91
157
-43
173
-67
-109
-54
-64
163
37
3
61
162
-133
160
-120
160
130
194
-97
-84
-141
-64
72
52
91
-110
-141
187
-19
13
159
-119
-76
-29
-106
-1
74
-49
165
155
71
-148
-20
-4
18
-138
-35
-7
90
-89
3
-90
21
-49
-54
131
-77
176
-92
169
-78
110
116
-120
9
199
-33
-148
160
-26
-8
90
-26
-55
-36
-16
45
12
17
15
159
88
36
92
131
45
187
-119
65
66
-13
108
1
149
-17
172
103
-49
150
-37
-38
163
-91
-32
-56
163
180
-96
-96
108
-100
177
185
11
-143
138
-11
196
76
31
20
60
161
-141
-31
133
70
178
-75
51
-103
-75
1
118
-34
59
-72
-23
57
57
137
88
186
-135
85
-141
108
-83
168
192
68
-30
55
-113
42
133
12
5
-67
78
57
2
3
46
126
184
-106
-136
-100
-65
73
-115
-94
2
182
-73
196
-104
198
152
-1
-18
36
-134
64
-52
14
-84
130
-91
-116
146
73
66
-65
-35
-102
-98
28
66
183
106
158
-39
-95
-136
96
135
159
-96
147
180
-24
80
158
46
116
-117
-90
-51
198
95
135
-2
195
14
-12
123
-90
-139
-7
-104
-29
73
29
79
163
129
163
167
138
140
-94
58
-32
-5
-43
52
-104
-43
37
-27
-14
-104
-47
120
11
-12
-19
134
-28
-44
107
152
181
194
130
89
12
-85
134
63
103
-135
-115
-97
-17
-44
-149
-84
-93
178
93
166
86
-95
-57
-56
-31
17
-137
-113
14
-1
-82
172
-30
168
126
-17
-135
-68
-90
-42
66
35
173
174
6
-30
73
-135
-92
-26
132
101
165
-111
31
-127
159
-21
-87
29
-3
23
-11
-136
163
162
67
49
-42
-98
-28
167
-116
-25
121
-72
-75
38
91
-121
113
-131
44
-51
135
-131
-120
192
-36
146
172
-129
137
11
108
103
130
130
12
-124
121
-138
191
-105
-72
82
-33
114
2
70
-55
-120
-32
15
2
28
-50
135
-99
41
178
-146
139
-17
40
9
155
-32
-34
120
-85
197
194
7
135
165
-29
133
80
6
160
-76
-67
-26
35
-65
-138
69
-97
70
-105
-115
-56
-48
176
-144
155
41
4
142
-73
192
56
-15
-143
181
200
-126
161
48
-54
-104
66
12
121
11
34
35
17
-63
-29
110
-10
29
106
94
60
145
122
6
91
-87
19
145
-136
-130
108
8
22
-95
62
98
-48
-88
182
115
74
33
89
118
104
-86
112
46
-95
84
-57
173
83
188
-52
-141
139
-117
-29
102
-82
-85
-39
105
62
169
-126
166
111
-57
-69
-98
62
-39
152
126
-86
192
2
-14
62
169
-100
-104
-141
-107
-129
11
-16
197
68
151
8
-130
146
186
164
200
-115
-101
115
45
199
-27
165
184
-24
-82
13
-33
-35
166
73
-83
-125
-38
18
-78
-52
49
140
-106
171
128
-60
58
-76
75
18
192
156
-131
-1
161
167
-63
101
98
147
-111
-118
83
-62
193
9
-32
38
-129
188
26
-58
19
-16
-94
145
52
157
176
151
79
-112
-49
-97
139
154
17
26
43
-23
-141
14
-134
-68
-137
51
47
65
108
-13
-86
-125
160
-83
21
150
102
126
18
32
-95
-129
38
96
180
-87
-136
91
-147
93
-59
-67
-2
-32
63
107
192
-13
-92
157
-84
12
195
-20
200
-135
-31
-98
159
68
-134
-38
111
19
-47
62
-144
-83
198
-149
62
153
51
168
-3
-128
199
-114
89
137
-115
15
-130
-73
94
178
58
-99
-92
25
131
165
182
-120
195
97
-18
103
58
135
185
63
166
-80
89
85
-79
50
55
195
-129
-13
-100
190
193
153
-143
137
-50
174
130
62
-109
-44
182
65
102
87
-7
84
182
134
-128
155
-56
161
-83
161
96
196
-91
43
15
184
-122
19
-102
-33
93
-148
-145
101
105
106
100
-100
-52
129
147
102
182
118
128
-22
-123
-66
-105
-67
129
1
158
-96
145
-81
5
33
88
114
167
153
132
187
-5
104
-126
129
180
-32
160
-125
-127
-40
-141
-68
89
60
146
-32
146
112
-105
158
128
-26
-109
-9
-31
59
84
-40
-102
-1
-148
-48
168
-130
117
-9
-134
187
53
-138
-123
-47
-130
109
160
-147
-135
-65
82
45
145
-97
20
5
175
-5
115
-107
-150
35
-91
-76
-43
-3
-111
-29
103
-85
-74
46
169
-100
171
147
-8
-13
128
-16
31
-65
-123
-17
87
24
4
-91
-85
-109
-114
35
-23
4
58
-79
126
47
58
-48
164
-40
3
62
-28
-107
-11
-71
19
154
-46
176
146
23
-77
162
-4
161
-41
2
-105
-9
-47
100
-141
-50
19
-41
-47
190
-16
-112
-42
-50
93
-62
136
60
-112
52
-150
77
-76
-146
-66
124
193
157
-150
67
-143
55
186
73
165
75
166
2
-144
-123
193
-115
-84
-34
94
52
-46
112
73
-23
51
71
-48
198
127
199
125
162
1
-113
29
-15
144
-24
-33
-72
43
-21
160
-26
127
-97
-52
156
-138
21
34
177
-85
87
155
-66
191
195
131
52
172
86
-45
17
169
166
196
-85
48
144
72
-72
181
66
162
65
-52
-150
127
89
-116
58
-52
-68
167
-29
-122
-7
-57
136
46
-96
-75
183
-12
98
-92
131
40
126
-63
-13
83
30
171
-118
-118
141
105
26
-137
115
-68
-95
42
21
130
83
114
112
-55
-71
-102
-12
-92
95
150
1
-72
-96
173
36
-112
